2.003832	
2.729365	
3.502222	
4.332132	
5.016939	
5.855057	
6.733810	
8.218980	
9.511088	
10.345896	
11.187959	
12.065442	
12.897596	
13.776122	
14.608050	
15.492948	
16.344649	
17.175306	
18.037007	
18.866757	
19.754762	
20.582585	
21.471655	
22.356100	
23.187596	
24.054218	
24.884989	
25.566213	
26.397166	
27.265057	
28.094898	
28.992902	
29.855011	
30.686644	
31.558730	
32.390023	
33.072608	
33.902925	
34.759320	
35.592154	
36.901202	
37.769184	
38.601043	
39.271383	
40.931156	
41.865238	
42.698254	
43.555351	
44.388685	
45.270431	
46.134308	
46.967166	
47.658027	
48.491859	
49.345420	
50.179456	
51.057506	
51.889615	
52.760907	
53.619524	
54.452608	
55.352086	
56.184376	
57.257166	
58.131633	
58.964830	
59.664059	
60.498322	
61.352154	
62.186259	
63.071247	
63.918685	
64.749546	
65.639864	
66.470748	
67.346803	
68.174830	
69.445170	
70.336122	
71.165011	
72.060023	
72.924422	
73.756939	
74.633129	
75.467052	
76.344331	
77.176848	
78.062902	
78.917438	
79.748889	
80.627732	
81.460499	
82.346735	
83.180045	
83.868231	
84.711315	
85.544082	
86.424150	
87.255760	
88.164807	
88.995669	
89.660612	
90.492517	
91.362698	
92.210884	
93.043379	
93.917574	
94.749501	
95.640884	
96.473787	
97.366168	
98.390000	
99.221678	
100.151678	
100.980567	
101.785601	
103.310952	
104.033878	
104.863152	
105.713855	
106.541429	
107.468503	
108.301406	
109.491111	
110.456304	
111.282630	
112.179955	
112.998821	
113.823696	
114.692313	
115.515420	
116.397596	
117.225079	
118.091791	
118.930612	
119.762857	
120.903288	
121.738571	
122.624376	
123.493129	
124.322789	
125.187982	
126.014376	
126.897982	
127.727279	
128.563719	
129.483288	
130.312041	
131.212698	
132.047596	
132.919002	
133.779705	
134.611293	
135.479683	
136.309796	
137.180227	
138.008662	
138.900522	
139.757642	
140.587800	
141.478889	
142.310000	
143.178934	
144.009751	
144.917778	
145.787007	
146.617438	
147.489274	
148.320159	
149.198662	
150.025692	
150.724853	
151.552766	
152.354807	
153.276531	
154.105601	
154.993265	
155.822426	
156.724762	
157.588571	
158.418345	
159.281814	
160.111995	
161.009501	
161.840113	
162.718776	
163.775737	
164.606803	
165.487007	
166.317664	
167.197619	
168.058163	
168.888753	
169.766168	
170.597438	
171.486054	
172.317596	
173.020884	
174.670000	
175.565646	
176.396644	
177.289819	
178.120091	
178.778707	
179.608299	
180.884376	
