1.979161
2.678345
3.503175
4.333197
5.018367
5.856508
6.733764
8.219003
9.069841
9.901655
10.771882
11.603696
12.488209
13.320317
14.034172
14.869637
15.701338
16.379320
17.210363
18.045670
18.875917
19.755148
20.583561
21.467369
22.375578
23.220726
24.081656
24.925011
25.789185
26.630226
27.497189
28.345964
29.188435
30.072155
30.914490
31.782358
32.624828
33.481861
34.346146
35.177891
36.048618
36.880001
37.758957
38.589954
39.420773
40.308842
41.138096
42.040657
42.871971
43.764172
44.629295
45.461678
46.319004
47.151043
48.046532
48.878479
49.762337
50.621929
51.452950
52.334103
53.165962
54.051678
54.883221
55.770046
56.627007
57.458275
58.331112
59.162109
59.969364
60.801540
61.591724
62.404171
63.236031
64.111092
64.943199
65.674423
66.506104
67.352905
68.182678
69.031044
69.934555
70.763512
71.631432
72.465576
73.328323
74.160019
75.055847
75.920975
76.752197
77.624557
78.456848
79.337730
80.168297
81.032906
81.911224
82.743080
83.629593
84.461746
85.346504
86.208275
87.039566
87.924332
88.754333
89.624672
90.455193
91.345963
92.206482
93.038139
93.911995
94.743355
95.631607
96.463470
97.350838
98.196236
99.027893
99.858955
100.690048
101.463966
102.297661
103.132607
103.961449
104.685898
105.520546
106.351425
107.209229
108.045601
108.940025
109.768280
110.446533
111.279839
112.177666
113.003426
113.832085
114.693970
115.518326
116.390457
117.218323
118.074554
118.924355
119.755150
120.679092
121.509346
122.393990
123.225601
124.113037
124.981522
125.809204
126.704987
127.535080
128.399292
129.228271
130.337662
131.193680
132.023880
132.912109
133.775894
134.607819
135.477173
136.307800
137.176804
138.005737
138.896515
139.755783
140.586685
141.474655
142.306808
143.172241
144.005173
144.911209
145.778214
146.611313
147.487595
148.321594
149.185074
150.015549
150.877914
151.758255
152.587708
153.483704
154.315353
155.195892
156.057938
156.889313
157.762772
158.593399
159.477936
160.308640
161.192245
162.055283
162.886932
163.769745
164.601608
165.484360
166.315628
167.196198
168.057785
168.889069
169.764404
170.596054
171.482239
172.314285
173.023743
174.679840
175.563492
176.394989
177.282898
178.113968
179.007462
179.858505
180.689972
